matrix: 
-       [ 1         , 0         , 0        , 0        ,
          0         , 1         , 0        , 3.8      , 
          0         , 0         , 1        , 0        , 
          0         , 0         , 0        , 1]
-       [-0.997356  , -0.0151404,-0.0711293,-0.934202 , 
          0.0104731 , -0.997798 , 0.0655362, 2.31444  , 
         -0.0719629 , 0.0646171 , 0.995314 , 0.188906 , 
          0         , 0         , 0        , 1]
-       [ 0.984383  , 0.00323532, 0.17602  , 0.995142 , 
         -0.00816695, 0.999594  , 0.0272987, 2.2973   , 
         -0.17586   ,-0.0283098 , 0.984008 , 0.0401475, 
          0         , 0         , 0        , 1]
-       [ 0.0317193 , 0.998917  , 0.0342811, 0.0685971,
         -0.991565  , 0.0357643 ,-0.124636 ,-1.05664  ,
         -0.125725  ,-0.0300376 , 0.991616 ,-0.117094 ,
          0         , 0         , 0        , 1]